stop_id,stop_city
40197,
40199,
40202,
40203,
40205,
40207,
40208,
40210,
40212,
40214,
40215,
40216,
40217,
40219,
40173,
40176,
40296,
40270,
40314,
42146,
40201,
40265,
41190,
40294,
40292,
40290,
42008,
40288,
40286,
40284,
42010,
40280,
40278,
40276,
40308,
40306,
40304,
40309,
40311,
40512,
40514,
40516,
40518,
40520,
40524,
40522,
40526,
40472,
40474,
40476,
40479,
40483,
40484,
40482,
40481,
40480,
40478,
40475,
40473,
40527,
40523,
40525,
40521,
40519,
40517,
40515,
40513,
40820,
42000,
40815,
40813,
40784,
40313,
40295,
40175,
40177,
40223,
40218,
40220,
40264,
40213,
40211,
40209,
42054,
40206,
40204,
40224,
40198,
40200,
40697,
40693,
40691,
40689,
41172,
40687,
40684,
40682,
41335,
40680,
40678,
40676,
40674,
40672,
40670,
40660,
40658,
41075,
41049,
40656,
41032,
41028,
41026,
40694,
40696,
40312,
40327,
40310,
40303,
40305,
40307,
40275,
40277,
40279,
40281,
41320,
40283,
40285,
40287,
40289,
40291,
40293,
41189,
40282,
40274,
40272,
40269,
40271,
42108,
42147,
41046,
41167,
41184,
42114,
40773,
42113,
40606,
42112,
40581,
srtc,
44002,
40267,
40164,
40187,
donter,
40113,
40188,
40170,
40268,
44001,
40582,
42027,
40607,
42032,
42011,
40746,
40777,
41166,
40695,
41047,
40463,
40461,
40446,
40459,
40457,
40455,
40451,
40429,
44005,
40414,
41367,
40467,
40158,
42130,
40184,
40182,
44003,
40471,
41333,
41334,
40325,
40323,
41353,
41355,
41357,
41072,
41073,
40319,
40317,
40340,
40339,
40337,
40335,
40333,
40342,
40488,
40486,
41360,
41361,
40485,
40487,
40341,
40332,
40334,
40336,
40338,
40315,
40316,
41351,
41356,
41354,
41352,
40320,
40322,
40324,
40584,
40588,
40590,
40592,
40594,
40596,
40598,
40600,
40602,
40605,
40586,
40579,
40390,
40392,
40404,
40406,
40408,
40410,
40412,
41159,
41160,
40563,
40558,
41039,
40546,
40548,
40551,
40537,
40535,
40533,
40531,
40529,
41327,
41328,
41326,
40528,
40530,
40532,
40534,
40536,
40553,
40552,
40549,
40557,
41350,
40560,
40561,
40562,
44006,
41157,
41158,
40413,
40411,
40409,
40407,
40405,
40395,
40393,
40391,
40578,
40603,
40601,
40599,
40597,
40595,
40593,
42131,
40583,
40800,
40801,
40807,
40806,
40808,
40810,
40812,
40814,
40816,
40489,
40416,
40420,
40422,
40423,
40426,
40428,
40427,
40425,
40424,
40421,
40419,
40418,
40490,
40783,
40811,
40818,
40803,
40802,
41321,
40824,
40781,
40785,
40787,
40789,
40791,
40793,
40795,
40797,
40163,
40165,
40167,
40154,
40152,
40150,
40149,
40151,
40153,
40155,
40162,
44113,
40090,
42103,
40093,
40094,
40096,
40098,
40103,
40100,
40099,
40097,
40095,
40092,
41042,
40091,
40169,
40156,
40128,
40166,
40160,
40798,
40796,
40794,
40792,
40790,
40788,
40786,
40782,
40823,
40655,
41048,
41074,
40657,
40659,
40669,
40671,
40673,
40675,
40677,
40679,
40681,
40683,
40686,
40688,
40690,
40692,
40700,
40702,
40704,
40706,
40708,
40710,
40712,
40714,
40716,
40767,
41314,
41365,
41315,
41317,
41318,
40771,
40766,
40564,
40589,
40580,
40585,
41330,
40587,
40565,
40772,
40770,
41316,
41364,
40774,
40768,
40717,
40715,
40713,
40711,
40709,
40707,
40705,
40703,
40701,
40764,
40762,
40749,
42012,
40744,
40742,
40740,
40738,
40736,
40734,
40732,
40730,
40726,
40727,
40728,
40725,
40723,
40721,
40719,
40718,
40720,
40722,
40724,
40729,
40731,
40733,
40735,
40737,
40739,
40741,
40743,
40748,
40761,
40763,
40765,
40641,
40648,
40644,
40646,
40566,
40571,
40573,
40575,
40576,
40574,
40572,
40567,
40647,
40645,
40638,
40640,
40778,
41043,
41311,
41306,
41307,
41308,
41310,
40129,
40131,
41038,
40133,
40135,
40137,
40139,
40142,
40143,
40145,
40147,
40148,
40146,
40144,
40157,
40141,
40140,
40138,
40136,
40134,
40132,
40130,
41332,
41094,
41095,
40465,
40449,
40452,
40454,
40456,
40445,
40458,
40460,
40466,
40349,
42009,
40297,
40299,
40301,
40302,
40300,
40225,
40298,
42020,
40330,
40172,
40556,
40394,
40396,
40398,
40399,
40397,
40570,
40569,
41366,
40186,
40119,
40121,
41005,
40123,
40125,
